#r	     xi_ls	     DDp	      DRp	      RRp    Error 
      12.5000    0.0209540  0.000279904  0.000274244  0.000274331  7.94524e-05
      17.5000    0.0125800  0.000345347  0.000341108  0.000341161  7.12354e-05
      22.5000   0.00832824  0.000410753  0.000407377  0.000407393  6.51807e-05
      27.5000   0.00555578  0.000678304  0.000674542  0.000674528  5.06524e-05
      32.5000   0.00400600  0.000606728  0.000604286  0.000604265  5.35155e-05
      37.5000   0.00280685  0.000803337  0.000800969  0.000800849  4.64803e-05
      42.5000   0.00173363  0.000931160  0.000929359  0.000929170  4.31492e-05
      47.5000   0.00115027  0.000925894  0.000924602  0.000924373  4.32591e-05
      52.5000  0.000649326   0.00111745   0.00111630   0.00111588  3.93674e-05
      57.5000  0.000248061   0.00104672   0.00104603   0.00104560  4.06675e-05
      62.5000  4.49099e-05   0.00129999   0.00129931   0.00129869  3.64879e-05
      67.5000  0.000113745   0.00148700   0.00148595   0.00148507  3.41175e-05
      72.5000  0.000298752   0.00141491   0.00141353   0.00141256  3.49791e-05
      77.5000  0.000461843   0.00153521   0.00153354   0.00153257  3.35834e-05
      82.5000  0.000565894   0.00152763   0.00152588   0.00152500  3.36684e-05
      87.5000  0.000492052   0.00183381   0.00183183   0.00183074  3.07283e-05
      92.5000  0.000403969   0.00188699   0.00188517   0.00188411  3.02909e-05
      97.5000  0.000268353   0.00187545   0.00187386   0.00187278  3.03819e-05
      102.500  0.000273164   0.00192768   0.00192609   0.00192503  2.99675e-05
      107.500  0.000209044   0.00222367   0.00222205   0.00222089  2.79010e-05
      112.500  8.80220e-05   0.00208911   0.00208797   0.00208702  2.87838e-05
      117.500 -5.76302e-05   0.00213911   0.00213822   0.00213720  2.84433e-05
      122.500 -0.000287395   0.00230753   0.00230693   0.00230566  2.73825e-05
      127.500 -0.000320905   0.00253642   0.00253578   0.00253433  2.61173e-05
      132.500 -0.000377722   0.00263943   0.00263871   0.00263699  2.56019e-05
      137.500 -0.000358477   0.00244793   0.00244709   0.00244537  2.65847e-05
      142.500 -0.000428997   0.00249488   0.00249382   0.00249169  2.63324e-05
      147.500 -0.000487217   0.00283079   0.00282965   0.00282713  2.47200e-05
      152.500 -0.000428176   0.00275848   0.00275694   0.00275421  2.50427e-05
      157.500 -0.000400801   0.00303161   0.00302969   0.00302656  2.38883e-05
      162.500 -0.000310115   0.00290265   0.00290042   0.00289729  2.44143e-05
      167.500 -0.000279138   0.00299739   0.00299508   0.00299193  2.40257e-05
      172.500 -0.000268210   0.00326486   0.00326227   0.00325882  2.30207e-05
      177.500 -0.000287582   0.00296505   0.00296293   0.00295995  2.41563e-05
      182.500 -0.000321958   0.00328242   0.00328008   0.00327669  2.29584e-05
      187.500 -0.000218654   0.00321200   0.00320946   0.00320622  2.32099e-05
      192.500 -0.000202543   0.00357668   0.00357393   0.00357045  2.19951e-05
      197.500 -0.000216801   0.00344770   0.00344521   0.00344197  2.24025e-05
      202.500 -0.000217783   0.00326494   0.00326266   0.00325967  2.30210e-05
      207.500 -0.000219525   0.00373460   0.00373173   0.00372804  2.15248e-05
      212.500 -9.29721e-05   0.00360489   0.00360195   0.00359869  2.19100e-05
      217.500  4.03355e-05   0.00390353   0.00389985   0.00389634  2.10566e-05
      222.500 -6.49869e-05   0.00372134   0.00371844   0.00371529  2.15648e-05
      227.500 -0.000135281   0.00364553   0.00364306   0.00364010  2.17871e-05
      232.500 -0.000163778   0.00393769   0.00393526   0.00393220  2.09630e-05
      237.500 -0.000241832   0.00386464   0.00386268   0.00385977  2.11593e-05
      242.500 -0.000256339   0.00409648   0.00409424   0.00409095  2.05517e-05
      247.500 -0.000255346   0.00397333   0.00397130   0.00396826  2.08678e-05
      252.500 -0.000144885   0.00436078   0.00435819   0.00435498  1.99203e-05
      257.500 -2.86895e-05   0.00417717   0.00417434   0.00417138  2.03545e-05
      262.500 -1.60714e-05   0.00400379   0.00400117   0.00399849  2.07907e-05
      267.500 -7.09842e-05   0.00437465   0.00437198   0.00436901  1.98894e-05
      272.500  2.47706e-05   0.00410344   0.00410075   0.00409817  2.05371e-05
      277.500 -5.86862e-05   0.00471900   0.00471627   0.00471325  1.91501e-05
      282.500  1.07415e-05   0.00429738   0.00429457   0.00429181  2.00682e-05
      287.500  5.31898e-05   0.00447087   0.00446777   0.00446490  1.96754e-05
      292.500  7.43386e-05   0.00448519   0.00448183   0.00447880  1.96442e-05
      297.500  0.000277053   0.00451001   0.00450577   0.00450278  1.95921e-05
