#r	     xi_ls	     DDp	      DRp	      RRp    Error 
      12.5000    0.0202895  0.000279649  0.000274207  0.000274331  0.000604913
      17.5000    0.0121492  0.000345120  0.000341068  0.000341161  0.000542345
      22.5000   0.00856056  0.000410798  0.000407352  0.000407393  0.000496220
      27.5000   0.00554551  0.000678189  0.000674488  0.000674528  0.000385623
      32.5000   0.00417727  0.000606669  0.000604205  0.000604265  0.000407443
      37.5000   0.00314657  0.000803492  0.000800911  0.000800849  0.000353858
      42.5000   0.00173038  0.000930923  0.000929243  0.000929170  0.000328516
      47.5000  0.000912748  0.000925374  0.000924452  0.000924373  0.000329365
      52.5000  0.000931319   0.00111741   0.00111612   0.00111588  0.000299733
      57.5000 -6.22380e-05   0.00104612   0.00104589   0.00104560  0.000309624
      62.5000 -0.000160636   0.00129951   0.00129920   0.00129869  0.000277788
      67.5000  0.000296159   0.00148711   0.00148587   0.00148507  0.000259735
      72.5000  0.000294384   0.00141455   0.00141335   0.00141256  0.000266314
      77.5000  0.000295336   0.00153438   0.00153325   0.00153257  0.000255703
      82.5000  0.000789182   0.00152714   0.00152547   0.00152500  0.000256371
      87.5000  0.000765104   0.00183295   0.00183115   0.00183074  0.000234007
      92.5000  0.000487198   0.00188552   0.00188436   0.00188411  0.000230689
      97.5000  0.000325045   0.00187411   0.00187314   0.00187278  0.000231372
      102.500  0.000272196   0.00192593   0.00192522   0.00192503  0.000228232
      107.500  0.000355605   0.00222179   0.00222095   0.00222089  0.000212502
      112.500  0.000137667   0.00208695   0.00208684   0.00208702  0.000219236
      117.500  4.19426e-05   0.00213662   0.00213687   0.00213720  0.000216662
      122.500 -0.000381107   0.00230450   0.00230552   0.00230566  0.000208577
      127.500 -0.000251634   0.00253369   0.00253433   0.00253433  0.000198933
      132.500 -0.000643575   0.00263570   0.00263719   0.00263699  0.000195007
      137.500 -0.000263168   0.00244531   0.00244566   0.00244537  0.000202495
      142.500 -0.000484595   0.00249209   0.00249249   0.00249169  0.000200563
      147.500 -0.000400002   0.00282800   0.00282813   0.00282713  0.000188283
      152.500 -0.000463343   0.00275557   0.00275553   0.00275421  0.000190735
      157.500 -0.000328718   0.00302862   0.00302809   0.00302656  0.000181947
      162.500 -0.000418281   0.00289952   0.00289901   0.00289729  0.000185945
      167.500 -0.000242952   0.00299449   0.00299357   0.00299193  0.000182989
      172.500  0.000290930   0.00326358   0.00326072   0.00325882  0.000175329
      177.500  0.000226463   0.00296417   0.00296172   0.00295995  0.000183965
      182.500  0.000200877   0.00328121   0.00327862   0.00327669  0.000174850
      187.500  0.000342178   0.00321178   0.00320845   0.00320622  0.000176742
      192.500  0.000303619   0.00357620   0.00357278   0.00357045  0.000167492
      197.500  0.000443951   0.00344771   0.00344407   0.00344197  0.000170596
      202.500  0.000159927   0.00326401   0.00326158   0.00325967  0.000175306
      207.500 -0.000231704   0.00373242   0.00373066   0.00372804  0.000163905
      212.500 -0.000144214   0.00360246   0.00360083   0.00359869  0.000166843
      217.500  0.000153036   0.00390217   0.00389895   0.00389634  0.000160331
      222.500  7.84605e-05   0.00372062   0.00371781   0.00371529  0.000164190
      227.500  7.46445e-05   0.00364483   0.00364233   0.00364010  0.000165888
      232.500 -4.20400e-05   0.00393735   0.00393486   0.00393220  0.000159598
      237.500 -0.000223072   0.00386435   0.00386249   0.00385977  0.000161084
      242.500 -0.000309610   0.00409628   0.00409425   0.00409095  0.000156450
      247.500 -0.000538502   0.00397206   0.00397123   0.00396826  0.000158859
      252.500 -0.000434655   0.00435958   0.00435822   0.00435498  0.000151643
      257.500 -0.000261889   0.00417624   0.00417436   0.00417138  0.000154949
      262.500 -0.000368710   0.00400232   0.00400114   0.00399849  0.000158271
      267.500 -0.000329128   0.00437374   0.00437209   0.00436901  0.000151405
      272.500 -0.000390649   0.00410237   0.00410107   0.00409817  0.000156328
      277.500 -0.000607214   0.00471694   0.00471653   0.00471325  0.000145772
      282.500 -0.000241846   0.00429673   0.00429479   0.00429181  0.000152762
      287.500 -0.000131723   0.00447027   0.00446788   0.00446490  0.000149776
      292.500 -0.000538773   0.00448339   0.00448230   0.00447880  0.000149526
      297.500 -0.000179738   0.00450899   0.00450629   0.00450278  0.000149128
